hairMale:
35390, 35400, 35410, 35420, 35430, 35440, 35450, 35460, 35470, 35480, 35500, 35510, 35520, 35530, 35540, 35550, 35560, 35570, 35580, 35590, 35600, 35610, 35620, 35630, 35640, 35650, 35660, 35670, 35680, 35690, 35700, 35710, 35720, 35730, 35740, 35750, 35760, 35770, 35780, 35790, 35800, 35820, 35830, 35840, 35850, 35860, 35870, 35880, 35890, 35900, 35910, 35920, 35930, 35940, 35950, 35960, 36000, 36010, 36020, 36030, 36040, 36050, 36060, 36070, 36080, 36090, 36100, 36110, 36120, 36130, 36140, 36150, 36160, 36170, 36180, 36190, 36200, 36210, 36220, 36230, 36240, 36250, 36260, 36270, 36280, 36290, 36300, 36310, 36320, 36330, 36340, 36350, 36360, 36370, 36380, 36390, 36400, 36410, 36420, 36430, 36440, 36450, 36460, 36470, 36480, 36490, 36500, 36510, 36520, 36530, 36540, 36550, 36560, 36570, 36580, 36590, 36600, 36610, 36620, 36630, 36640, 36650, 36660, 36670, 36680, 36690, 36700, 36710, 36720, 36730, 36740, 36750, 36760, 36770, 36780, 36790, 36800, 36810, 36820, 36830, 36840, 36850, 36860, 36870, 36880, 36890, 36900, 36910, 36920, 36930, 36940, 36950, 36980, 39260, 39270, 39280, 39290, 39370, 39380, 39530, 39540, 39550, 

hairFemale:
34860, 34870, 34880, 34890, 34900, 34910, 34940, 34950, 34960, 34970, 34980, 34990, 35000, 35010, 35020, 35030, 35040, 35050, 35060, 35070, 35080, 35090, 35100, 35110, 35120, 35130, 35140, 35150, 35160, 35170, 35180, 35190, 35200, 35210, 35220, 35230, 35240, 35250, 35260, 35270, 35280, 35290, 35300, 35310, 35320, 35330, 35340, 35350, 35360, 35370, 35380, 36990, 37000, 37010, 37020, 37030, 37040, 37050, 37060, 37070, 37080, 37090, 37100, 37110, 37120, 37130, 37140, 37150, 37160, 37170, 37180, 37190, 37200, 37210, 37220, 37230, 37240, 37250, 37260, 37270, 37280, 37290, 37300, 37310, 37320, 37330, 37340, 37350, 37370, 37380, 37400, 37410, 37420, 37430, 37440, 37450, 37460, 37470, 37480, 37490, 37500, 37510, 37520, 37530, 37540, 37550, 37560, 37570, 37580, 37590, 37600, 37610, 37620, 37630, 37640, 37650, 37660, 37670, 37680, 37690, 37700, 37710, 37720, 37730, 37740, 37750, 37760, 37770, 37780, 37790, 37800, 37810, 37820, 37830, 37840, 37850, 37860, 37870, 37880, 37890, 37900, 37910, 37920, 37930, 37940, 37950, 37960, 37970, 37980, 37990, 38000, 38010, 38020, 38030, 38040, 38050, 38060, 38070, 38080, 38090, 38100, 38110, 38120, 38130, 38140, 38150, 38160, 38170, 38180, 38190, 38200, 38210, 38220, 38230, 38240, 38250, 38260, 38270, 38280, 38290, 38300, 38310, 38320, 38330, 38340, 38350, 38360, 38370, 38380, 38390, 38400, 38410, 38420, 38430, 38440, 38450, 38460, 38470, 38480, 38490, 38500, 38510, 38520, 38530, 38540, 38560, 38570, 38580, 38590, 38600, 38610, 38620, 38630, 38640, 38650, 38660, 38670, 38680, 38690, 38700, 38710, 38720, 38730, 38740, 38760, 38770, 38780, 38790, 38800, 38810, 38820, 38830, 38840, 38850, 38860, 38880, 38890, 38900, 38910, 38920, 38930, 38940, 38950, 38960, 38970, 38980, 38990, 39000, 39010, 39040, 39050, 39060, 39070, 39080, 39090, 39100, 39110, 39120, 39130, 39140, 39150, 39160, 39170, 39180, 39190, 39200, 39210, 39220, 39230, 39240, 39250, 39300, 39310, 39320, 39330, 39340, 39350, 39400, 39410, 39420, 39430, 39440, 39450, 39460, 39470, 39480, 39490, 39500, 39510, 39560, 39570, 39580, 39590, 39600, 39610, 39620, 39630, 39640, 39650, 39670, 39680, 39690, 39700, 39710, 39720, 39730, 39740, 39750, 39760, 39770, 39780, 39790, 39800, 39810, 39820, 39830, 39840, 39850, 39860, 39870, 39880, 

faceMale:
20000, 20001, 20002, 20003, 20004, 20005, 20006, 20007, 20008, 20009, 20010, 20011, 20012, 20013, 20014, 20015, 20016, 20017, 20018, 20019, 20020, 20021, 20022, 20023, 20024, 20025, 20026, 20027, 20028, 20029, 20030, 20031, 20032, 20033, 20035, 20036, 20037, 20038, 20039, 20040, 20042, 20043, 20044, 20045, 20046, 20047, 20048, 20049, 20050, 20051, 20052, 20053, 20054, 20055, 20056, 20057, 20058, 20059, 20060, 20061, 20062, 20063, 20064, 20065, 20066, 20067, 20068, 20069, 20070, 20071, 20072, 20073, 20074, 20075, 20076, 20077, 20078, 20079, 20080, 20081, 20082, 20083, 20084, 20085, 20086, 20087, 20088, 20089, 20090, 20091, 20092, 20093, 20094, 20095, 20096, 20097, 20098, 20099, 

faceFemale:
21000, 21001, 21002, 21003, 21004, 21005, 21006, 21007, 21008, 21009, 21010, 21011, 21012, 21013, 21014, 21015, 21016, 21017, 21018, 21019, 21020, 21021, 21022, 21023, 21024, 21025, 21026, 21027, 21028, 21029, 21030, 21031, 21033, 21034, 21035, 21036, 21037, 21038, 21041, 21042, 21043, 21044, 21045, 21046, 21047, 21048, 21049, 21050, 21051, 21052, 21053, 21054, 21055, 21056, 21057, 21058, 21059, 21060, 21061, 21062, 21063, 21064, 21065, 21066, 21067, 21068, 21069, 21070, 21071, 21072, 21073, 21074, 21075, 21076, 21077, 21078, 21079, 21080, 21081, 21082, 21083, 21084, 21085, 21086, 21087, 21088, 21089, 21090, 21091, 21092, 21093, 21094, 21095, 21096, 21097, 21098, 21099, 

